India       1,380,004,385 0.99%   17.70    2.256
Congo       5,518,087     2.56%   0.07      2.29
Azerbaijan  10,139,177    0.91%   0.13     5.388
Thailand    69,799,978    0.25%   0.90     7.066
China       1,439,323,776 0.39%   18.47   12.556
Romania     19,237,691    -0.66%  0.25    14.858
Chile       19,116,201    0.87%   0.25    16.265
South Korea 51,269,185    0.09%   0.66    34.997
Israel      8,655,535     1.60%   0.11     52.17
Norway      5,421,241     0.79%   0.07    89.154
